-0.0715195
0.144045
0.152632
0.374509
0.364966
0.302105
0.334786
3.50314e-005
0.381486
0.255473
0.261997
0.113175
0.282509
0.538361
-0.173162
-0.152216
-0.126457
0.254608
-0.328685
-0.192869
-0.125582
-0.226495
-0.0466677
0.00607354
0.0340932
0.277685
0.264718
-0.374376
0.48264
0.101275
0.0598221
0.425904
0.438258
0.434062
0.147645
-0.117944
0.141409
0.406145
0.413817
0.488034
0.116948
0.181029
0.295397
0.00676823
0.0380655
0.0177634
-0.0448746
0.0298521
0.321014
0.0848278
0.363822
0.209342
0.496898
-0.0205367
0.0547698
0.0858612
0.161292
0.163579
0.211206
0.216427
-0.218879
-0.145027
-0.102114
0.203569
0.266012
0.237831
0.130985
0.318625
0.220958
0.319148
0.208012
-0.197499
0.0669222
-0.0499892
0.154468
0.134728
0.127831
0.374064
0.233908
0.280956
0.389197
0.373027
-0.129302
-0.201528
0.0991168
-0.121425
-0.328184
-0.0470628
0.00801739
0.249591
-0.0702913
-0.21078
-0.114111
-0.0792948
-0.0397763
-0.0345968
0.143778
-0.0369943
-0.135224
-0.246313
0.094428
0.108198
0.188197
-0.0377866
-0.00676872
-0.125515
-0.0380554
0.452468
0.423319
0.0837997
0.155176
0.0789611
0.210052
0.173703
0.240852
-0.0313327
0.264845
0.163955
0.184659
0.289334
0.177581
0.258216
0.026665
0.1852
-0.125574
-0.152428
-0.0859828
0.114216
0.0912507
0.035475
0.0937063
0.443306
0.392334
0.388485
0.0100721
0.0483879
0.199835
0.0894876
-0.0659739
0.503688
0.548475
0.498373
0.0766292
0.0352317
0.0816418
0.261695
0.342618
0.223777
-0.118942
0.42706
0.291189
0.461732
0.478132
0.297249
0.378877
0.296175
0.34093
0.39327
0.235335
0.314479
0.124084
-0.0894559
-0.0481408
0.0295191
0.239768
0.140102
-0.272658
0.165179
0.0673186
0.301736
0.308084
0.122366
-0.083292
0.158829
-0.140481
-0.136133
0.544729
0.564135
0.310253
0.569208
-0.0843617
-0.0408124
-0.187035
-0.0520013
0.303027
0.314139
0.188945
0.389079
-0.548727
-0.0422941
0.495786
-0.148579
0.388327
0.264181
0.210929
0.167149
-0.0174284
0.231574
0.215145
0.187785
-0.100812
0.326526
0.380507
0.291997
0.399275
0.436204
-0.0171063
0.264585
0.191481
0.290916
0.316522
0.349316
-0.0756247
-0.0850707
0.410901
0.355124
0.290466
0.408949
-0.428558
0.207635
-0.285562
0.195594
-0.344474
0.264354
0.308549
0.0419238
-0.0600065
0.19212
0.1689
0.365055
-0.0308866
0.230314
0.216735
0.0897789
0.155021
0.171386
0.212422
0.365518
0.320824
0.356472
0.0886214
0.287245
0.0663109
0.402506
0.434864
-0.220128
-0.152924
-0.0731087
-0.141716
-0.222003
-0.0671401
0.281734
0.292363
-0.400117
0.386495
0.459729
0.417922
0.411044
-0.0181309
-0.0846365
-0.307861
0.402813
0.439886
0.351738
0.227812
0.295252
0.24104
0.2775
-0.0308917
0.439409
-0.115828
0.211363
0.181468
0.0570203
-0.421511
0.0562706
0.472716
0.310228
0.317767
-0.195023
-0.154343
-0.00675112
-0.19526
0.397564
0.501828
0.455928
0.491367
0.277612
-0.176897
-0.0999531
-0.195628
-0.0206844
0.215973
-0.122118
-0.144026
-0.115848
0.337223
0.26768
0.218973
0.264711
0.195986
-0.156468
-0.183884
-0.144559
-0.0914099
0.378495
0.103564
-0.0292297
-0.0206843
0.0698103
0.0845748
0.049759
-0.00878555
-0.219987
0.0859499
0.0771106
-0.0253546
0.0307733
1.12162
0.465864
0.387627
0.0194063
-0.0827757
0.38184
0.354162
-0.123407
-0.0785855
0.165196
0.0842856
-0.0211577
0.198203
0.496995
0.524128
0.31737
0.503317
0.344098
0.216074
0.248453
0.0969386
0.107509
0.242802
0.17848
0.434182
0.452225
0.207064
0.336929
0.294497
0.363343
-0.16114
0.0900381
-0.218449
-0.131548
0.121855
0.378363
0.330464
-0.304471
-0.364812
0.269985
-0.0774252
0.0086673
0.314879
0.418097
0.346107
0.322234
0.328241
-0.250802
0.169163
0.313443
0.0672584
0.189633
-0.0192592
-0.00235187
-0.366752
0.276405
0.516601
0.464538
0.458524
0.379205
0.34536
-0.276079
0.238708
0.173484
0.318393
0.129025
0.114915
0.269822
0.0935308
0.147723
0.264469
0.0702412
0.280385
0.313756
0.220356
0.306755
0.222836
0.213558
0.275413
0.197647
0.211519
0.301118
0.0418281
0.404339
0.297109
0.22769
0.316323
-0.0174728
-0.0785608
-0.0695787
-0.104319
0.268192
0.281899
0.333428
0.289455
0.2843
0.0971133
0.0985334
-0.100231
0.155607
0.331605
-0.00769115
0.0276758
-0.606349
0.273338
0.211084
0.177193
0.280938
0.0487847
0.454954
-0.273503
0.363143
0.351158
-0.247525
-0.217898
-0.0943472
-0.0667226
-0.182318
-0.0770879
0.0085739
0.134474
0.24779
0.327864
0.323308
0.37832
0.412804
0.485084
0.410965
0.265987
0.0271998
0.349418
-0.107521
0.271983
-0.167565
-0.153745
0.35657
0.346469
0.116751
-0.104906
0.00847957
-0.340392
0.331692
0.269642
0.334966
0.201417
0.17737
0.185607
0.309175
0.119418
0.236859
0.31505
0.272279
0.254132
0.305431
0.348763
0.276544
0.229163
0.247764
0.374117
-0.238475
-0.375993
-0.162893
-0.0743261
-0.173706
-0.0079401
-0.000799509
0.146439
0.427447
0.388666
0.398831
0.268166
0.0952805
0.345151
0.154523
0.146975
0.0866063
-0.249989
-0.486072
0.346001
0.478326
0.472919
0.438993
-0.0635054
-0.0562678
0.291615
-0.135987
-0.08989
0.306411
0.279805
0.286586
-0.0228782
0.0664188
0.182793
0.301604
0.194448
0.169924
0.179365
0.415737
0.274879
0.371559
0.305086
0.261759
0.177331
0.408977
0.422267
0.528299
0.501287
0.244016
0.207999
0.0128101
0.0212869
-0.166144
0.209542
0.365227
0.404948
-0.159714
0.216563
-0.507099
0.487104
0.340886
0.376922
0.229863
0.334536
0.302095
0.387353
0.140202
0.224964
0.0996394
-0.16775
-0.125694
-0.0736563
-0.164939
-0.130144
-0.0696602
-0.169031
0.473765
0.418434
0.429879
0.0384321
0.41695
-0.0156419
0.275644
0.171809
0.201952
-0.0692911
-0.0117685
-0.20967
-0.173914
-0.166184
0.426361
0.361337
0.401764
-0.0250035
-0.0746584
0.344172
-0.621823
0.278347
0.464728
-0.450674
0.427764
0.363621
-0.127598
0.00434496
0.222621
0.299644
0.242219
0.0863277
-0.435316
0.347113
0.207635
0.169679
0.0587532
0.177406
0.152941
0.271641
0.515132
0.500508
0.217107
0.170577
-0.103471
-0.00382861
0.0213948
0.617672
0.274748
0.348262
0.181077
0.175989
0.329764
0.443213
0.460756
0.190195
0.142155
-0.189276
-0.195801
-0.167559
-0.180834
-0.133239
0.279104
-0.0130458
0.0592845
-0.000417645
0.562038
0.566716
0.503189
0.139088
0.0607884
0.193325
0.332364
0.289971
-0.0213041
0.23008
0.503134
0.288125
0.289522
0.174013
0.312633
0.10513
0.535332
0.446311
-0.111847
-0.0767155
-0.00795891
-0.021161
0.299612
0.433743
-0.117871
0.323123
0.0520774
0.108551
-0.0495357
0.217538
0.216394
-0.0521882
0.049743
-0.0566079
0.0596388
0.0574483
0.148027
0.369347
0.348052
0.320735
0.259343
-0.0524608
0.374192
0.212241
0.21021
0.336415
0.125552
0.069152
-0.127104
-0.243777
0.0215438
0.439663
0.552749
0.503529
0.48781
0.11912
0.0833108
-0.430526
-0.102143
-0.13316
-0.000308392
0.0111947
-0.186632
0.195912
0.0270301
-0.0308622
-0.397178
0.154678
0.162919
-0.358092
-0.249394
0.313501
0.205163
0.0305114
0.0995665
-0.566923
0.350193
0.283336
0.262417
0.231393
0.224827
0.247714
0.128402
0.31865
0.361234
0.0877508
0.231448
-0.240477
0.327896
0.371961
0.331672
0.384206
0.157681
0.332845
0.43154
0.421598
0.377333
0.303028
0.0351951
0.137094
0.120278
0.192029
-0.103446
-0.0796903
-0.193204
-0.0761523
0.29073
0.0294313
0.0595718
0.350703
0.279852
0.278106
0.25858
0.321369
0.26016
-0.103943
-0.0931914
-0.00759657
0.110159
0.197427
0.466541
0.559084
1.98343
1.52569
0.240919
-0.143788
-0.0119529
-0.0230267
0.0135829
0.385747
0.386392
0.322322
0.398562
0.238977
0.328142
0.178437
-0.428547
0.195591
-0.0481895
-0.0987975
-0.206506
-0.048932
0.15498
0.415437
0.36037
0.311391
0.312348
0.304207
0.278055
0.215955
0.0918993
0.00537204
0.200686
-0.107386
-0.0984247
-0.0306883
-0.0925083
-0.0429555
-0.101739
0.253569
0.184103
-0.0804607
-0.0389612
0.0566349
-0.139902
0.367309
-0.146534
0.079072
0.123799
0.178259
0.234863
0.335279
-0.117372
0.357359
0.332256
-0.0784501
0.427442
0.4207
0.391445
0.379395
-0.282877
0.0411469
0.26648
-0.0439973
-0.0857405
0.0162155
0.129617
0.113233
0.0233366
0.238272
0.206209
0.234599
0.313446
0.445764
-0.10203
0.128056
-0.14249
-0.0269445
0.307834
0.210833
0.31926
0.338651
0.286519
0.248251
0.169404
0.404877
0.137392
-0.00844252
0.503215
0.529184
0.373025
0.344792
0.326137
0.369017
-0.10795
-0.131739
0.348216
0.255335
-0.14715
-0.0711216
-0.202496
0.139171
0.0820196
0.092764
0.239935
0.206323
0.113734
0.221712
0.495058
0.471188
0.448585
0.242686
0.227521
0.275364
0.228337
0.427781
0.45313
0.281442
0.478708
0.114029
0.0447392
0.446151
0.139494
-0.128774
-0.0962045
-0.150864
-0.0504193
0.224274
-9.24726e-005
-0.0669054
0.423361
0.45384
0.26961
-0.00725335
0.270278
0.0473252
0.126755
0.215975
0.257948
0.638175
0.544319
0.484462
0.4192
0.377491
-0.293478
-0.207903
0.0130228
-0.198407
0.296702
0.291217
0.492358
0.488993
0.43401
-0.0454966
0.345305
0.210604
0.538589
-0.0256746
-0.00412854
-0.223727
-0.227239
0.243655
0.315709
-0.0298199
-0.0729687
-0.117183
-0.154435
0.0796243
0.0565787
0.0552845
0.397874
0.346788
-0.0918634
-0.156962
-0.130624
-0.14002
0.394158
0.347215
-0.0875272
0.0845866
0.433967
0.22693
0.398992
0.474778
0.387859
0.0151369
-0.0807145
-0.106452
0.152521
0.166938
0.132343
-0.0190885
0.426114
0.37061
0.439136
0.159252
0.413062
0.299713
-0.309529
-0.0842708
-0.182901
0.450372
0.517325
0.427455
0.274502
0.330228
0.378661
0.507449
0.393598
0.417706
0.386305
0.31367
0.221125
0.253482
0.0669198
0.245505
0.318095
0.297369
0.280464
0.542156
0.571885
0.403665
0.456824
0.505885
-0.113122
0.206925
0.205711
0.169068
0.357179
0.362157
0.305489
0.196661
0.254755
-0.0326599
-0.0799885
-0.169434
0.0597133
0.329902
-0.388861
0.451948
0.453434
0.208859
0.345872
0.0457426
0.32351
0.292862
0.355952
0.339875
0.362371
-0.361439
0.212305
0.160907
0.00174057
0.138123
-0.275644
0.0904952
0.4023
0.448429
0.188204
0.22729
0.127203
0.311853
0.248772
0.291579
0.163421
0.0638088
-0.130219
-0.0942393
-0.068663
0.16293
0.37142
-0.130568
0.0089651
-0.0205837
-0.11626
-0.030161
-0.0273183
-0.142396
0.338625
0.572078
0.51365
0.54796
0.330863
0.347559
0.0878232
0.337245
0.427822
0.417136
0.343583
2.48642
-0.0761831
0.0602276
0.102047
0.0932206
0.10115
0.266393
0.02051
-0.0455907
0.031052
-0.079675
0.186041
0.191821
0.168174
0.0210113
0.0468877
0.131631
0.148539
0.394494
0.453408
0.307603
0.169275
0.204904
0.229013
0.291811
0.289223
-0.124479
0.445951
0.42912
0.413394
0.230546
0.277877
0.351761
0.306756
0.289506
0.298052
0.138033
0.12671
0.1473
0.623371
-0.103626
0.252435
0.189169
0.284471
